730 7777 0807	华东
737 9307 0707	北京
738 9003 5780	北京
738 3003 7377	北京
738 3778 7975	北京
738 3857 0798	上海
733 7739 3377	北京
739 0773 7587	北京
739 8309 7897	北京
753 7389 5785	北京
739 3337 3537	北京
739 3333 0700	北京
739 3339 3390	北京
739 8087 0393	华南
739 8873 3837	北京
735 8055 9780	北京
735 8033 3007	北京
735 8097 7738	北京
735 8788 3998	北京
735 8737 0579	北京
735 8883 7870	北京
735 5838 8897	北京
783 7837 9333	北京
733 0739 5378	北京
758 7030 7087	北京
733 5703 8893	北京
733 8750 9388	北京
733 8337 9830	北京
733 9787 3078	北京
737 7397 9038	北京
738 7000 9998	华北
738 7089 8853	北京
738 7083 8733	北京
738 7088 9755	北京
738 7793 3373	北京
738 7737 0599	北京
738 7738 9037	北京
738 7779 5383	北京
738 7785 8773	北京
739 7079 8985	北京
739 7733 9597	北京
739 7393 3030	上海
739 7357 0300	上海
739 7783 7580	上海
750 0705 5877	北京
750 7737 7038	北京
750 7738 7385	北京
757 8008 7703	北京
757 8009 0838	北京
758 0787 8078	上海
758 7030 7839	北京
758 7033 7798	北京
753 5837 8905	北京
757 7003 3890	北京
757 7700 0998	北京
758 0790 0075	北京
758 0793 8303	北京
758 0757 5093	北京
758 0757 8798	北京
787 0777 5879	北京
758 7703 7833	北京
758 7709 3037	北京
759 0773 3980	北京
759 0773 5890	北京
757 0779 8797	北京
788 7079 8858	北京
788 7095 3059	北京
788 7709 8703	北京
783 0089 8878	北京
783 0793 8858	北京
783 7093 9889	北京
783 7797 7790	西南
753 5998 3387	华南
753 5773 3755	华东
783 3899 7988	华东
783 3539 9887	华南
783 3383 3385	华南
783 3973 9995	西南
783 8887 3885	华南
787 0799 5399	北京
787 0737 9833	北京
783 7039 9373	北京
787 9905 0870	北京
788 5778 7939	华东
